logovideo1.mp4_1000 20 0.465572 0.0932018 0.238347 0.186404
logovideo1.mp4_1001 20 0.460275 0.0953947 0.23411 0.190789
logovideo1.mp4_1002 20 0.460805 0.0953947 0.233051 0.190789
logovideo1.mp4_1003 20 0.45286 0.101974 0.227754 0.203947
logovideo1.mp4_1004 20 0.45339 0.101974 0.226695 0.203947
logovideo1.mp4_1005 20 0.450212 0.104167 0.224576 0.208333
logovideo1.mp4_1006 20 0.447034 0.108553 0.224576 0.217105
logovideo1.mp4_1007 20 0.447034 0.108553 0.224576 0.217105
logovideo1.mp4_1008 20 0.441208 0.111842 0.21928 0.223684
logovideo1.mp4_1009 20 0.440148 0.112939 0.223517 0.225877
logovideo1.mp4_1010 20 0.440148 0.112939 0.223517 0.225877
logovideo1.mp4_1011 20 0.433792 0.116228 0.231992 0.232456
logovideo1.mp4_1012 20 0.429555 0.118421 0.23411 0.236842
logovideo1.mp4_1013 20 0.425847 0.120614 0.243644 0.241228
logovideo1.mp4_1014 20 0.423729 0.120614 0.245763 0.241228
logovideo1.mp4_1015 20 0.42161 0.120614 0.243644 0.241228
logovideo1.mp4_1016 20 0.418432 0.130482 0.233051 0.247807
logovideo1.mp4_1017 20 0.418432 0.130482 0.233051 0.247807
logovideo1.mp4_1018 20 0.411017 0.134868 0.239407 0.252193
logovideo1.mp4_1019 20 0.411547 0.134868 0.240466 0.256579
logovideo1.mp4_1020 20 0.411017 0.138158 0.239407 0.25
logovideo1.mp4_1021 20 0.40625 0.145833 0.227754 0.247807
logovideo1.mp4_1022 20 0.40625 0.145833 0.227754 0.247807
logovideo1.mp4_1023 20 0.402542 0.151316 0.230932 0.245614
logovideo1.mp4_1024 20 0.397775 0.158991 0.236229 0.252193
logovideo1.mp4_1025 20 0.395127 0.161184 0.239407 0.256579
logovideo1.mp4_1026 20 0.393008 0.16557 0.235169 0.260965
logovideo1.mp4_1027 20 0.388771 0.167763 0.237288 0.265351
logovideo1.mp4_1028 20 0.382415 0.175439 0.235169 0.263158
logovideo1.mp4_1029 20 0.382415 0.175439 0.235169 0.263158
logovideo1.mp4_1030 20 0.382415 0.179825 0.235169 0.263158
logovideo1.mp4_1031 20 0.383475 0.182018 0.237288 0.263158
logovideo1.mp4_1032 20 0.381886 0.188596 0.238347 0.258772
logovideo1.mp4_1033 20 0.381886 0.188596 0.238347 0.258772
logovideo1.mp4_1034 20 0.377648 0.197368 0.229873 0.254386
logovideo1.mp4_1035 20 0.373411 0.212719 0.236229 0.254386
logovideo1.mp4_1036 20 0.370763 0.214912 0.239407 0.258772
logovideo1.mp4_1037 20 0.372881 0.224781 0.241525 0.256579
logovideo1.mp4_1038 20 0.372352 0.224781 0.240466 0.256579
logovideo1.mp4_1039 20 0.364936 0.235746 0.240466 0.247807
logovideo1.mp4_1040 20 0.363877 0.236842 0.242585 0.254386
logovideo1.mp4_1041 20 0.364936 0.242325 0.238347 0.252193
logovideo1.mp4_1042 20 0.364407 0.246711 0.235169 0.243421
logovideo1.mp4_1043 20 0.356462 0.265351 0.23411 0.245614
logovideo1.mp4_1044 20 0.356462 0.265351 0.23411 0.245614
logovideo1.mp4_1045 20 0.354873 0.267544 0.235169 0.254386
logovideo1.mp4_1046 20 0.352754 0.27193 0.239407 0.254386
logovideo1.mp4_1047 20 0.352754 0.27193 0.239407 0.254386
logovideo1.mp4_1048 20 0.352754 0.281798 0.239407 0.256579
logovideo1.mp4_1049 20 0.352754 0.285088 0.241525 0.267544
logovideo1.mp4_1050 20 0.349047 0.302632 0.229873 0.258772
logovideo1.mp4_1051 20 0.346928 0.311404 0.23411 0.258772
logovideo1.mp4_1052 20 0.345869 0.317982 0.240466 0.258772
logovideo1.mp4_1053 20 0.347458 0.327851 0.239407 0.256579
logovideo1.mp4_1054 20 0.34375 0.33443 0.242585 0.256579
logovideo1.mp4_1055 20 0.34375 0.33443 0.242585 0.256579
logovideo1.mp4_1056 20 0.34375 0.33443 0.242585 0.256579
logovideo1.mp4_1057 20 0.34375 0.33443 0.242585 0.256579
logovideo1.mp4_1058 20 0.34375 0.33443 0.242585 0.256579
logovideo1.mp4_1059 20 0.34375 0.33443 0.242585 0.256579
logovideo1.mp4_1060 20 0.34375 0.33443 0.242585 0.256579
logovideo1.mp4_1061 20 0.34375 0.33443 0.242585 0.256579
logovideo1.mp4_1062 20 0.34375 0.33443 0.242585 0.256579
logovideo1.mp4_1063 20 0.34375 0.33443 0.242585 0.256579
logovideo1.mp4_1064 20 0.34375 0.33443 0.242585 0.256579
logovideo1.mp4_1065 20 0.34375 0.33443 0.242585 0.256579
logovideo1.mp4_1066 20 0.34375 0.33443 0.242585 0.256579
logovideo1.mp4_1067 20 0.34375 0.33443 0.242585 0.256579
logovideo1.mp4_1068 20 0.34375 0.33443 0.242585 0.256579
logovideo1.mp4_1069 20 0.34375 0.33443 0.242585 0.256579
logovideo1.mp4_1070 20 0.34375 0.33443 0.242585 0.256579
logovideo1.mp4_1071 20 0.34375 0.33443 0.242585 0.256579
logovideo1.mp4_1072 20 0.34375 0.33443 0.242585 0.256579
logovideo1.mp4_1073 20 0.34375 0.33443 0.242585 0.256579
logovideo1.mp4_1074 20 0.34375 0.33443 0.242585 0.256579
logovideo1.mp4_1075 20 0.34375 0.33443 0.242585 0.256579
logovideo1.mp4_1076 20 0.34375 0.33443 0.242585 0.256579
logovideo1.mp4_1077 20 0.34375 0.33443 0.242585 0.256579
logovideo1.mp4_1078 20 0.34375 0.33443 0.242585 0.256579
logovideo1.mp4_1079 20 0.34375 0.33443 0.242585 0.256579
logovideo1.mp4_1080 20 0.34375 0.33443 0.242585 0.256579
logovideo1.mp4_1081 20 0.34375 0.33443 0.242585 0.256579
logovideo1.mp4_1082 20 0.34375 0.33443 0.242585 0.256579
logovideo1.mp4_1083 20 0.34375 0.33443 0.242585 0.256579
logovideo1.mp4_1084 20 0.34375 0.33443 0.242585 0.256579
logovideo1.mp4_1085 20 0.34375 0.33443 0.242585 0.256579
logovideo1.mp4_1086 20 0.34375 0.33443 0.242585 0.256579
logovideo1.mp4_1087 20 0.34375 0.33443 0.242585 0.256579
logovideo1.mp4_1088 20 0.34375 0.33443 0.242585 0.256579
logovideo1.mp4_1089 20 0.34375 0.33443 0.242585 0.256579
logovideo1.mp4_1090 20 0.34375 0.33443 0.242585 0.256579
logovideo1.mp4_1091 20 0.34375 0.33443 0.242585 0.256579
logovideo1.mp4_1092 20 0.34375 0.33443 0.242585 0.256579
logovideo1.mp4_1093 20 0.34375 0.33443 0.242585 0.256579
logovideo1.mp4_1094 20 0.34375 0.33443 0.242585 0.256579
logovideo1.mp4_1095 20 0.34375 0.33443 0.242585 0.256579
logovideo1.mp4_1096 20 0.34375 0.33443 0.242585 0.256579
logovideo1.mp4_1097 20 0.34375 0.33443 0.242585 0.256579
logovideo1.mp4_1098 20 0.34375 0.33443 0.242585 0.256579
logovideo1.mp4_1099 20 0.34375 0.33443 0.242585 0.256579
logovideo1.mp4_1100 20 0.34375 0.33443 0.242585 0.256579
logovideo1.mp4_150 8 0.425847 0.492325 0.15678 0.370614
logovideo1.mp4_151 8 0.425847 0.492325 0.15678 0.370614
logovideo1.mp4_152 8 0.425847 0.492325 0.15678 0.370614
logovideo1.mp4_153 8 0.425847 0.492325 0.15678 0.370614
logovideo1.mp4_154 8 0.425847 0.493421 0.15678 0.372807
logovideo1.mp4_155 8 0.425847 0.493421 0.15678 0.372807
logovideo1.mp4_156 8 0.425847 0.493421 0.15678 0.372807
logovideo1.mp4_157 8 0.425847 0.493421 0.15678 0.377193
logovideo1.mp4_158 8 0.425847 0.493421 0.15678 0.377193
logovideo1.mp4_159 8 0.425847 0.494518 0.15678 0.379386
logovideo1.mp4_160 8 0.425847 0.494518 0.15678 0.379386
logovideo1.mp4_161 8 0.425847 0.494518 0.15678 0.379386
logovideo1.mp4_162 8 0.425318 0.493421 0.157839 0.381579
logovideo1.mp4_163 8 0.425318 0.493421 0.157839 0.381579
logovideo1.mp4_164 8 0.425318 0.493421 0.157839 0.381579
logovideo1.mp4_165 8 0.425318 0.493421 0.157839 0.381579
logovideo1.mp4_166 8 0.425318 0.494518 0.157839 0.379386
logovideo1.mp4_167 8 0.425318 0.494518 0.157839 0.379386
logovideo1.mp4_168 8 0.425318 0.494518 0.157839 0.379386
logovideo1.mp4_169 8 0.425318 0.494518 0.157839 0.379386
logovideo1.mp4_170 8 0.424788 0.493421 0.15678 0.377193
logovideo1.mp4_171 8 0.424258 0.492325 0.157839 0.375
logovideo1.mp4_172 8 0.424258 0.492325 0.157839 0.375
logovideo1.mp4_173 8 0.424258 0.493421 0.157839 0.377193
logovideo1.mp4_174 8 0.424258 0.493421 0.157839 0.377193
logovideo1.mp4_175 8 0.424258 0.492325 0.157839 0.375
logovideo1.mp4_176 8 0.424258 0.491228 0.157839 0.377193
logovideo1.mp4_177 8 0.424258 0.491228 0.157839 0.377193
logovideo1.mp4_178 8 0.424258 0.491228 0.157839 0.377193
logovideo1.mp4_179 8 0.423729 0.491228 0.158898 0.377193
logovideo1.mp4_180 8 0.423729 0.491228 0.158898 0.377193
logovideo1.mp4_181 8 0.419492 0.480263 0.17161 0.381579
logovideo1.mp4_182 8 0.418962 0.48136 0.172669 0.383772
logovideo1.mp4_183 8 0.418962 0.48136 0.172669 0.383772
logovideo1.mp4_184 8 0.418962 0.48136 0.172669 0.383772
logovideo1.mp4_185 8 0.419492 0.48136 0.173729 0.383772
logovideo1.mp4_186 8 0.419492 0.48136 0.173729 0.383772
logovideo1.mp4_187 8 0.418962 0.48136 0.174788 0.383772
logovideo1.mp4_188 8 0.419492 0.48136 0.175847 0.383772
logovideo1.mp4_189 8 0.419492 0.48136 0.175847 0.383772
logovideo1.mp4_190 8 0.419492 0.480263 0.177966 0.385965
logovideo1.mp4_191 8 0.419492 0.480263 0.177966 0.385965
logovideo1.mp4_192 8 0.418962 0.479167 0.179025 0.383772
logovideo1.mp4_193 8 0.418432 0.479167 0.177966 0.383772
logovideo1.mp4_194 8 0.418432 0.479167 0.177966 0.383772
logovideo1.mp4_195 8 0.417903 0.479167 0.179025 0.383772
logovideo1.mp4_196 8 0.254767 0.879386 0.0391949 0.0789474
logovideo1.mp4_196 8 0.383475 0.91557 0.0381356 0.0899123
logovideo1.mp4_196 8 0.317797 0.797149 0.0529661 0.107456
logovideo1.mp4_197 8 0.254767 0.880482 0.0391949 0.0811404
logovideo1.mp4_197 8 0.384004 0.91557 0.0370763 0.0899123
logovideo1.mp4_197 8 0.317797 0.796053 0.0550847 0.109649
logovideo1.mp4_198 8 0.254237 0.880482 0.0402542 0.0811404
logovideo1.mp4_198 8 0.383475 0.91557 0.0360169 0.0899123
logovideo1.mp4_198 8 0.317267 0.796053 0.0540254 0.109649
logovideo1.mp4_199 8 0.254237 0.880482 0.0402542 0.0811404
logovideo1.mp4_199 8 0.383475 0.91557 0.0360169 0.0899123
logovideo1.mp4_199 8 0.317797 0.797149 0.0529661 0.107456
logovideo1.mp4_200 8 0.254237 0.880482 0.0402542 0.0811404
logovideo1.mp4_200 8 0.383475 0.916667 0.0381356 0.0877193
logovideo1.mp4_200 8 0.317267 0.796053 0.0540254 0.109649
logovideo1.mp4_201 8 0.254237 0.881579 0.0402542 0.0789474
logovideo1.mp4_201 8 0.383475 0.916667 0.0381356 0.0877193
logovideo1.mp4_201 8 0.317267 0.796053 0.0540254 0.109649
logovideo1.mp4_202 8 0.254237 0.881579 0.0402542 0.0789474
logovideo1.mp4_202 8 0.383475 0.916667 0.0381356 0.0877193
logovideo1.mp4_202 8 0.316737 0.798246 0.0529661 0.109649
logovideo1.mp4_203 8 0.253178 0.882675 0.0402542 0.0767544
logovideo1.mp4_203 8 0.383475 0.917763 0.0381356 0.0899123
logovideo1.mp4_203 8 0.316737 0.798246 0.0529661 0.109649
logovideo1.mp4_204 8 0.253178 0.881579 0.0402542 0.0789474
logovideo1.mp4_204 8 0.382945 0.91886 0.0370763 0.0877193
logovideo1.mp4_204 8 0.316737 0.799342 0.0529661 0.111842
logovideo1.mp4_205 8 0.253178 0.881579 0.0402542 0.0789474
logovideo1.mp4_205 8 0.382945 0.91886 0.0370763 0.0877193
logovideo1.mp4_205 8 0.316737 0.799342 0.0529661 0.111842
logovideo1.mp4_206 8 0.253178 0.881579 0.0402542 0.0745614
logovideo1.mp4_206 8 0.382945 0.91886 0.0370763 0.0877193
logovideo1.mp4_206 8 0.316737 0.800439 0.0529661 0.114035
logovideo1.mp4_207 8 0.253178 0.882675 0.0402542 0.0767544
logovideo1.mp4_207 8 0.382945 0.91886 0.0370763 0.0877193
logovideo1.mp4_207 8 0.316208 0.799342 0.0540254 0.111842
logovideo1.mp4_208 8 0.252648 0.882675 0.0413136 0.0767544
logovideo1.mp4_208 8 0.382415 0.919956 0.0381356 0.0855263
logovideo1.mp4_208 8 0.316208 0.800439 0.0540254 0.114035
logovideo1.mp4_209 8 0.252648 0.882675 0.0413136 0.0811404
logovideo1.mp4_209 8 0.382415 0.919956 0.0381356 0.0855263
logovideo1.mp4_209 8 0.316208 0.800439 0.0540254 0.114035
logovideo1.mp4_210 8 0.252648 0.882675 0.0413136 0.0811404
logovideo1.mp4_210 8 0.381886 0.919956 0.0370763 0.0855263
logovideo1.mp4_210 8 0.316208 0.800439 0.0540254 0.114035
logovideo1.mp4_211 8 0.252119 0.883772 0.0423729 0.0833333
logovideo1.mp4_211 8 0.381886 0.919956 0.0370763 0.0855263
logovideo1.mp4_211 8 0.316208 0.800439 0.0540254 0.114035
logovideo1.mp4_212 8 0.252119 0.883772 0.0402542 0.0701754
logovideo1.mp4_212 8 0.381886 0.919956 0.0413136 0.0855263
logovideo1.mp4_212 8 0.316208 0.800439 0.0540254 0.114035
logovideo1.mp4_213 8 0.252119 0.884868 0.0402542 0.0723684
logovideo1.mp4_213 8 0.381886 0.919956 0.0413136 0.0855263
logovideo1.mp4_213 8 0.315678 0.800439 0.0529661 0.114035
logovideo1.mp4_214 8 0.252119 0.884868 0.0402542 0.0723684
logovideo1.mp4_214 8 0.381886 0.919956 0.0413136 0.0855263
logovideo1.mp4_214 8 0.315148 0.801535 0.0540254 0.116228
logovideo1.mp4_215 8 0.251589 0.885965 0.0391949 0.0701754
logovideo1.mp4_215 8 0.381886 0.91886 0.0413136 0.0877193
logovideo1.mp4_215 8 0.315148 0.801535 0.0540254 0.111842
logovideo1.mp4_216 8 0.251589 0.885965 0.0391949 0.0701754
logovideo1.mp4_216 8 0.381356 0.919956 0.0423729 0.0899123
logovideo1.mp4_216 8 0.315148 0.801535 0.0540254 0.111842
logovideo1.mp4_217 8 0.251589 0.887061 0.0391949 0.0723684
logovideo1.mp4_217 8 0.381356 0.921053 0.0423729 0.0877193
logovideo1.mp4_217 8 0.315148 0.801535 0.0540254 0.111842
logovideo1.mp4_218 8 0.251589 0.887061 0.0391949 0.0723684
logovideo1.mp4_218 8 0.381356 0.921053 0.0423729 0.0921053
logovideo1.mp4_218 8 0.315148 0.801535 0.0540254 0.111842
logovideo1.mp4_219 8 0.251059 0.888158 0.0402542 0.0745614
logovideo1.mp4_219 8 0.381356 0.921053 0.0423729 0.0921053
logovideo1.mp4_219 8 0.314619 0.802632 0.0529661 0.114035
logovideo1.mp4_220 8 0.251059 0.888158 0.0402542 0.0745614
logovideo1.mp4_220 8 0.381356 0.921053 0.0423729 0.0921053
logovideo1.mp4_220 8 0.314619 0.802632 0.0529661 0.114035
logovideo1.mp4_221 8 0.251059 0.889254 0.0402542 0.0767544
logovideo1.mp4_221 8 0.381356 0.922149 0.0423729 0.0899123
logovideo1.mp4_221 8 0.314619 0.802632 0.0529661 0.114035
logovideo1.mp4_222 8 0.251059 0.889254 0.0402542 0.0767544
logovideo1.mp4_222 8 0.381356 0.922149 0.0423729 0.0899123
logovideo1.mp4_222 8 0.314619 0.802632 0.0529661 0.114035
logovideo1.mp4_223 8 0.251059 0.890351 0.0402542 0.0745614
logovideo1.mp4_223 8 0.381356 0.922149 0.0423729 0.0899123
logovideo1.mp4_223 8 0.313559 0.803728 0.0529661 0.116228
logovideo1.mp4_224 8 0.251059 0.890351 0.0402542 0.0745614
logovideo1.mp4_224 8 0.381356 0.922149 0.0423729 0.0899123
logovideo1.mp4_224 8 0.313559 0.803728 0.0529661 0.116228
logovideo1.mp4_225 8 0.25053 0.890351 0.0391949 0.0745614
logovideo1.mp4_225 8 0.381356 0.924342 0.0423729 0.0899123
logovideo1.mp4_225 8 0.313559 0.803728 0.0529661 0.116228
logovideo1.mp4_226 8 0.25 0.890351 0.0402542 0.0745614
logovideo1.mp4_226 8 0.31303 0.803728 0.0519068 0.116228
logovideo1.mp4_226 8 0.381356 0.924342 0.0423729 0.0899123
logovideo1.mp4_227 8 0.25 0.890351 0.0402542 0.0745614
logovideo1.mp4_227 8 0.31303 0.802632 0.0519068 0.114035
logovideo1.mp4_227 8 0.381356 0.924342 0.0423729 0.0899123
logovideo1.mp4_228 8 0.25 0.891447 0.0402542 0.0767544
logovideo1.mp4_228 8 0.3125 0.802632 0.0508475 0.114035
logovideo1.mp4_228 8 0.380826 0.924342 0.0434322 0.0899123
logovideo1.mp4_229 8 0.25 0.891447 0.0402542 0.0767544
logovideo1.mp4_229 8 0.31197 0.802632 0.0497881 0.114035
logovideo1.mp4_229 8 0.380826 0.924342 0.0434322 0.0899123
logovideo1.mp4_230 8 0.248941 0.891447 0.0402542 0.0767544
logovideo1.mp4_230 8 0.3125 0.802632 0.0529661 0.109649
logovideo1.mp4_230 8 0.380826 0.925439 0.0434322 0.0921053
logovideo1.mp4_231 8 0.248941 0.892544 0.0402542 0.0789474
logovideo1.mp4_231 8 0.31197 0.802632 0.0519068 0.109649
logovideo1.mp4_231 8 0.380826 0.925439 0.0434322 0.0921053
logovideo1.mp4_232 8 0.248941 0.891447 0.0402542 0.0767544
logovideo1.mp4_232 8 0.31197 0.802632 0.0519068 0.109649
logovideo1.mp4_232 8 0.380826 0.926535 0.0434322 0.0899123
logovideo1.mp4_233 8 0.247881 0.891447 0.0402542 0.0811404
logovideo1.mp4_233 8 0.31197 0.802632 0.0519068 0.109649
logovideo1.mp4_233 8 0.380826 0.926535 0.0434322 0.0899123
logovideo1.mp4_234 8 0.247352 0.891447 0.0413136 0.0811404
logovideo1.mp4_234 8 0.31197 0.802632 0.0519068 0.109649
logovideo1.mp4_234 8 0.380297 0.927632 0.0444915 0.0921053
logovideo1.mp4_235 8 0.247352 0.892544 0.0413136 0.0833333
logovideo1.mp4_235 8 0.311441 0.802632 0.0529661 0.109649
logovideo1.mp4_235 8 0.380297 0.927632 0.0444915 0.0921053
logovideo1.mp4_236 8 0.246822 0.89364 0.0402542 0.0811404
logovideo1.mp4_236 8 0.310911 0.802632 0.0519068 0.105263
logovideo1.mp4_236 8 0.379237 0.928728 0.0444915 0.0942982
logovideo1.mp4_237 8 0.247352 0.89364 0.0413136 0.0811404
logovideo1.mp4_237 8 0.310911 0.803728 0.0519068 0.107456
logovideo1.mp4_237 8 0.379237 0.928728 0.0444915 0.0942982
logovideo1.mp4_238 8 0.246292 0.89364 0.0413136 0.0811404
logovideo1.mp4_238 8 0.310381 0.802632 0.0529661 0.105263
logovideo1.mp4_238 8 0.379237 0.928728 0.0444915 0.0942982
logovideo1.mp4_239 8 0.246822 0.892544 0.0402542 0.0877193
logovideo1.mp4_239 8 0.378708 0.928728 0.0434322 0.0942982
logovideo1.mp4_239 8 0.310381 0.802632 0.0529661 0.105263
logovideo1.mp4_240 8 0.246822 0.89364 0.0402542 0.0899123
logovideo1.mp4_240 8 0.378178 0.929825 0.0444915 0.0964912
logovideo1.mp4_240 8 0.309852 0.802632 0.0519068 0.105263
logovideo1.mp4_241 8 0.245763 0.89364 0.0402542 0.0899123
logovideo1.mp4_241 8 0.378178 0.929825 0.0444915 0.0964912
logovideo1.mp4_241 8 0.309852 0.802632 0.0519068 0.105263
logovideo1.mp4_242 8 0.245763 0.894737 0.0402542 0.0921053
logovideo1.mp4_242 8 0.377648 0.929825 0.0434322 0.0964912
logovideo1.mp4_242 8 0.309852 0.802632 0.0519068 0.105263
logovideo1.mp4_243 8 0.245763 0.894737 0.0402542 0.0921053
logovideo1.mp4_243 8 0.377648 0.929825 0.0434322 0.0964912
logovideo1.mp4_243 8 0.309852 0.802632 0.0519068 0.105263
logovideo1.mp4_244 8 0.245233 0.894737 0.0413136 0.0921053
logovideo1.mp4_244 8 0.377119 0.929825 0.0444915 0.0964912
logovideo1.mp4_244 8 0.309322 0.804825 0.0529661 0.105263
logovideo1.mp4_245 8 0.245233 0.894737 0.0413136 0.0921053
logovideo1.mp4_245 8 0.377119 0.929825 0.0444915 0.0964912
logovideo1.mp4_245 8 0.309322 0.804825 0.0529661 0.105263
logovideo1.mp4_246 8 0.377119 0.930921 0.0444915 0.0986842
logovideo1.mp4_246 8 0.245233 0.895833 0.0413136 0.0899123
logovideo1.mp4_246 8 0.308792 0.805921 0.0519068 0.107456
logovideo1.mp4_247 8 0.377119 0.930921 0.0444915 0.0986842
logovideo1.mp4_247 8 0.245233 0.895833 0.0413136 0.0899123
logovideo1.mp4_247 8 0.308792 0.807018 0.0540254 0.109649
logovideo1.mp4_248 8 0.244703 0.895833 0.0402542 0.0899123
logovideo1.mp4_248 8 0.377119 0.932018 0.0444915 0.100877
logovideo1.mp4_248 8 0.308263 0.805921 0.0529661 0.111842
logovideo1.mp4_249 8 0.377119 0.932018 0.0444915 0.100877
logovideo1.mp4_249 8 0.244703 0.895833 0.0402542 0.0899123
logovideo1.mp4_249 8 0.308263 0.805921 0.0529661 0.111842
logovideo1.mp4_250 8 0.376589 0.932018 0.0455508 0.100877
logovideo1.mp4_250 8 0.307733 0.807018 0.0519068 0.109649
logovideo1.mp4_250 8 0.244703 0.895833 0.0402542 0.0899123
logovideo1.mp4_251 8 0.376059 0.932018 0.0444915 0.100877
logovideo1.mp4_251 8 0.307733 0.807018 0.0519068 0.109649
logovideo1.mp4_251 8 0.244174 0.89693 0.0413136 0.0877193
logovideo1.mp4_252 8 0.376059 0.932018 0.0444915 0.100877
logovideo1.mp4_252 8 0.307733 0.807018 0.0519068 0.109649
logovideo1.mp4_252 8 0.244174 0.89693 0.0413136 0.0877193
logovideo1.mp4_253 8 0.376059 0.933114 0.0444915 0.10307
logovideo1.mp4_253 8 0.307203 0.808114 0.0529661 0.111842
logovideo1.mp4_253 8 0.243644 0.89693 0.0402542 0.0877193
logovideo1.mp4_254 8 0.376059 0.933114 0.0444915 0.10307
logovideo1.mp4_254 8 0.307203 0.808114 0.0529661 0.111842
logovideo1.mp4_254 8 0.243644 0.89693 0.0402542 0.0877193
logovideo1.mp4_255 8 0.376059 0.933114 0.0444915 0.10307
logovideo1.mp4_255 8 0.306144 0.809211 0.0529661 0.114035
logovideo1.mp4_255 8 0.243114 0.898026 0.0413136 0.0899123
logovideo1.mp4_256 8 0.376059 0.934211 0.0444915 0.105263
logovideo1.mp4_256 8 0.306144 0.809211 0.0529661 0.114035
logovideo1.mp4_256 8 0.242585 0.899123 0.0423729 0.0921053
logovideo1.mp4_257 8 0.376059 0.935307 0.0444915 0.10307
logovideo1.mp4_257 8 0.306144 0.809211 0.0529661 0.114035
logovideo1.mp4_257 8 0.242585 0.899123 0.0423729 0.0921053
logovideo1.mp4_258 8 0.376059 0.935307 0.0444915 0.10307
logovideo1.mp4_258 8 0.306144 0.811404 0.0529661 0.114035
logovideo1.mp4_258 8 0.242055 0.900219 0.0434322 0.0942982
logovideo1.mp4_259 8 0.376059 0.935307 0.0444915 0.10307
logovideo1.mp4_259 8 0.306144 0.811404 0.0529661 0.114035
logovideo1.mp4_259 8 0.241525 0.900219 0.0423729 0.0942982
logovideo1.mp4_260 8 0.376059 0.935307 0.0444915 0.10307
logovideo1.mp4_260 8 0.306144 0.8125 0.0550847 0.111842
logovideo1.mp4_260 8 0.241525 0.900219 0.0423729 0.0942982
logovideo1.mp4_261 8 0.376059 0.935307 0.0444915 0.10307
logovideo1.mp4_261 8 0.306144 0.8125 0.0550847 0.111842
logovideo1.mp4_261 8 0.241525 0.900219 0.0423729 0.0942982
logovideo1.mp4_262 8 0.37553 0.936404 0.0434322 0.100877
logovideo1.mp4_262 8 0.305614 0.8125 0.0540254 0.111842
logovideo1.mp4_262 8 0.240996 0.900219 0.0434322 0.0942982
logovideo1.mp4_263 8 0.37553 0.936404 0.0434322 0.100877
logovideo1.mp4_263 8 0.305614 0.8125 0.0540254 0.111842
logovideo1.mp4_263 8 0.240996 0.900219 0.0434322 0.0942982
logovideo1.mp4_264 8 0.37553 0.936404 0.0434322 0.100877
logovideo1.mp4_264 8 0.305614 0.8125 0.0540254 0.111842
logovideo1.mp4_264 8 0.240996 0.900219 0.0434322 0.0942982
logovideo1.mp4_265 8 0.37553 0.936404 0.0434322 0.100877
logovideo1.mp4_265 8 0.305614 0.8125 0.0540254 0.111842
logovideo1.mp4_265 8 0.240996 0.901316 0.0434322 0.0921053
logovideo1.mp4_266 8 0.37553 0.936404 0.0434322 0.100877
logovideo1.mp4_266 8 0.305085 0.813596 0.0550847 0.114035
logovideo1.mp4_266 8 0.240996 0.902412 0.0434322 0.0942982
logovideo1.mp4_267 8 0.377119 0.9375 0.0423729 0.0986842
logovideo1.mp4_267 8 0.305085 0.813596 0.0550847 0.114035
logovideo1.mp4_267 8 0.240996 0.902412 0.0434322 0.0942982
logovideo1.mp4_268 8 0.377119 0.939693 0.0423729 0.0942982
logovideo1.mp4_268 8 0.305085 0.813596 0.0550847 0.114035
logovideo1.mp4_268 8 0.240466 0.902412 0.0444915 0.0986842
logovideo1.mp4_269 8 0.376589 0.940789 0.0413136 0.0964912
logovideo1.mp4_269 8 0.305085 0.814693 0.0550847 0.111842
logovideo1.mp4_269 8 0.239936 0.902412 0.0434322 0.0986842
logovideo1.mp4_270 8 0.376589 0.940789 0.0434322 0.0964912
logovideo1.mp4_270 8 0.305085 0.813596 0.0550847 0.114035
logovideo1.mp4_270 8 0.239936 0.902412 0.0434322 0.0986842
logovideo1.mp4_271 8 0.376059 0.941886 0.0423729 0.0942982
logovideo1.mp4_271 8 0.303496 0.811404 0.0519068 0.105263
logovideo1.mp4_271 8 0.239936 0.903509 0.0434322 0.100877
logovideo1.mp4_272 8 0.376059 0.941886 0.0423729 0.0942982
logovideo1.mp4_272 8 0.303496 0.811404 0.0519068 0.105263
logovideo1.mp4_272 8 0.239936 0.903509 0.0434322 0.100877
logovideo1.mp4_273 8 0.376059 0.941886 0.0423729 0.0942982
logovideo1.mp4_273 8 0.304025 0.811404 0.0529661 0.105263
logovideo1.mp4_273 8 0.239936 0.904605 0.0434322 0.0986842
logovideo1.mp4_274 8 0.376059 0.941886 0.0423729 0.0942982
logovideo1.mp4_274 8 0.304555 0.815789 0.0561441 0.114035
logovideo1.mp4_274 8 0.238877 0.904605 0.0434322 0.0986842
logovideo1.mp4_275 8 0.376059 0.942982 0.0423729 0.0921053
logovideo1.mp4_275 8 0.303496 0.8125 0.0561441 0.107456
logovideo1.mp4_275 8 0.239407 0.904605 0.0444915 0.10307
logovideo1.mp4_276 8 0.376589 0.942982 0.0434322 0.0921053
logovideo1.mp4_276 8 0.303496 0.8125 0.0519068 0.107456
logovideo1.mp4_276 8 0.238347 0.904605 0.0444915 0.10307
logovideo1.mp4_277 8 0.376589 0.942982 0.0434322 0.0921053
logovideo1.mp4_277 8 0.302966 0.8125 0.0529661 0.107456
logovideo1.mp4_277 8 0.238347 0.904605 0.0444915 0.10307
logovideo1.mp4_278 8 0.376059 0.942982 0.0423729 0.0921053
logovideo1.mp4_278 8 0.302966 0.8125 0.0529661 0.107456
logovideo1.mp4_278 8 0.238347 0.904605 0.0444915 0.10307
logovideo1.mp4_279 8 0.376059 0.942982 0.0423729 0.0921053
logovideo1.mp4_279 8 0.302966 0.814693 0.0529661 0.107456
logovideo1.mp4_279 8 0.238347 0.905702 0.0444915 0.105263
logovideo1.mp4_280 8 0.376059 0.942982 0.0423729 0.0921053
logovideo1.mp4_280 8 0.237818 0.905702 0.0434322 0.105263
logovideo1.mp4_280 8 0.302966 0.814693 0.0529661 0.107456
logovideo1.mp4_281 8 0.37553 0.942982 0.0434322 0.0921053
logovideo1.mp4_281 8 0.237818 0.905702 0.0434322 0.105263
logovideo1.mp4_281 8 0.302966 0.813596 0.0572034 0.109649
logovideo1.mp4_282 8 0.376059 0.942982 0.0444915 0.0921053
logovideo1.mp4_282 8 0.237288 0.906798 0.0444915 0.10307
logovideo1.mp4_282 8 0.302966 0.815789 0.0550847 0.114035
logovideo1.mp4_283 8 0.376059 0.942982 0.0444915 0.0921053
logovideo1.mp4_283 8 0.237288 0.906798 0.0444915 0.10307
logovideo1.mp4_283 8 0.302436 0.815789 0.0561441 0.114035
logovideo1.mp4_284 8 0.376059 0.942982 0.0444915 0.0921053
logovideo1.mp4_284 8 0.237288 0.906798 0.0444915 0.10307
logovideo1.mp4_284 8 0.302436 0.815789 0.0540254 0.114035
logovideo1.mp4_285 8 0.37553 0.942982 0.0455508 0.0921053
logovideo1.mp4_285 8 0.238347 0.906798 0.0423729 0.107456
logovideo1.mp4_285 8 0.301907 0.815789 0.0550847 0.114035
logovideo1.mp4_286 8 0.37553 0.942982 0.0455508 0.0921053
logovideo1.mp4_286 8 0.237288 0.908991 0.0402542 0.10307
logovideo1.mp4_286 8 0.302436 0.815789 0.0561441 0.114035
logovideo1.mp4_287 8 0.37553 0.945175 0.0455508 0.0921053
logovideo1.mp4_287 8 0.237288 0.908991 0.0402542 0.10307
logovideo1.mp4_287 8 0.302436 0.816886 0.0561441 0.116228
logovideo1.mp4_288 8 0.236229 0.910088 0.0402542 0.100877
logovideo1.mp4_288 8 0.375 0.945175 0.0466102 0.0921053
logovideo1.mp4_288 8 0.301377 0.816886 0.0561441 0.116228
logovideo1.mp4_289 8 0.236229 0.908991 0.0402542 0.10307
logovideo1.mp4_289 8 0.375 0.945175 0.0466102 0.0921053
logovideo1.mp4_289 8 0.301377 0.816886 0.0561441 0.116228
logovideo1.mp4_290 8 0.236229 0.910088 0.0402542 0.100877
logovideo1.mp4_290 8 0.375 0.945175 0.0466102 0.0921053
logovideo1.mp4_290 8 0.301377 0.816886 0.0561441 0.116228
logovideo1.mp4_291 8 0.375 0.945175 0.0466102 0.0921053
logovideo1.mp4_291 8 0.236229 0.910088 0.0402542 0.100877
logovideo1.mp4_291 8 0.301377 0.816886 0.0561441 0.116228
logovideo1.mp4_292 8 0.375 0.945175 0.0466102 0.0921053
logovideo1.mp4_292 8 0.235699 0.911184 0.0391949 0.0986842
logovideo1.mp4_292 8 0.301377 0.817982 0.0561441 0.114035
logovideo1.mp4_293 8 0.375 0.945175 0.0466102 0.0921053
logovideo1.mp4_293 8 0.235699 0.911184 0.0391949 0.0986842
logovideo1.mp4_293 8 0.300318 0.817982 0.0561441 0.114035
logovideo1.mp4_294 8 0.375 0.945175 0.0466102 0.0921053
logovideo1.mp4_294 8 0.235699 0.911184 0.0391949 0.0986842
logovideo1.mp4_294 8 0.300318 0.817982 0.0561441 0.114035
logovideo1.mp4_295 8 0.375 0.946272 0.0466102 0.0942982
logovideo1.mp4_295 8 0.23464 0.912281 0.0391949 0.100877
logovideo1.mp4_295 8 0.299788 0.817982 0.0572034 0.114035
logovideo1.mp4_296 8 0.373411 0.945175 0.0455508 0.0964912
logovideo1.mp4_296 8 0.23464 0.912281 0.0391949 0.100877
logovideo1.mp4_296 8 0.299788 0.819079 0.0572034 0.116228
logovideo1.mp4_297 8 0.372881 0.945175 0.0444915 0.0964912
logovideo1.mp4_297 8 0.23464 0.913377 0.0391949 0.0986842
logovideo1.mp4_297 8 0.300847 0.819079 0.0572034 0.116228
logovideo1.mp4_298 8 0.23464 0.913377 0.0391949 0.0986842
logovideo1.mp4_298 8 0.372881 0.945175 0.0444915 0.0964912
logovideo1.mp4_298 8 0.300847 0.819079 0.0572034 0.116228
logovideo1.mp4_299 8 0.23411 0.913377 0.0402542 0.0986842
logovideo1.mp4_299 8 0.372881 0.945175 0.0444915 0.0964912
logovideo1.mp4_299 8 0.300318 0.819079 0.0582627 0.116228
logovideo1.mp4_300 8 0.23411 0.913377 0.0402542 0.0986842
logovideo1.mp4_300 8 0.372881 0.946272 0.0444915 0.0986842
logovideo1.mp4_300 8 0.300318 0.819079 0.0582627 0.116228
logovideo1.mp4_301 8 0.23411 0.91557 0.0402542 0.0986842
logovideo1.mp4_301 8 0.372881 0.946272 0.0444915 0.0986842
logovideo1.mp4_301 8 0.300318 0.819079 0.0582627 0.116228
logovideo1.mp4_302 8 0.23411 0.91557 0.0402542 0.0986842
logovideo1.mp4_302 8 0.372881 0.946272 0.0444915 0.0986842
logovideo1.mp4_302 8 0.300318 0.820175 0.0582627 0.118421
logovideo1.mp4_303 8 0.233051 0.916667 0.0402542 0.0964912
logovideo1.mp4_303 8 0.372881 0.946272 0.0466102 0.0942982
logovideo1.mp4_303 8 0.300318 0.820175 0.0582627 0.118421
logovideo1.mp4_304 8 0.233051 0.916667 0.0402542 0.0964912
logovideo1.mp4_304 8 0.372352 0.947368 0.0476695 0.0964912
logovideo1.mp4_304 8 0.300318 0.820175 0.0582627 0.118421
logovideo1.mp4_305 8 0.233051 0.916667 0.0402542 0.0964912
logovideo1.mp4_305 8 0.372352 0.946272 0.0476695 0.0942982
logovideo1.mp4_305 8 0.299788 0.820175 0.0572034 0.118421
logovideo1.mp4_306 8 0.232521 0.916667 0.0413136 0.0964912
logovideo1.mp4_306 8 0.372352 0.947368 0.0476695 0.0964912
logovideo1.mp4_306 8 0.300318 0.819079 0.0582627 0.116228
logovideo1.mp4_307 8 0.231992 0.916667 0.0402542 0.0964912
logovideo1.mp4_307 8 0.371822 0.947368 0.0487288 0.0964912
logovideo1.mp4_307 8 0.299258 0.820175 0.0582627 0.118421
logovideo1.mp4_308 8 0.231992 0.916667 0.0402542 0.0964912
logovideo1.mp4_308 8 0.371822 0.947368 0.0487288 0.0964912
logovideo1.mp4_308 8 0.299258 0.820175 0.0582627 0.118421
logovideo1.mp4_309 8 0.231462 0.91557 0.0413136 0.0942982
logovideo1.mp4_309 8 0.371822 0.947368 0.0487288 0.0964912
logovideo1.mp4_309 8 0.299258 0.820175 0.0582627 0.118421
logovideo1.mp4_310 8 0.231462 0.913377 0.0413136 0.0899123
logovideo1.mp4_310 8 0.371822 0.947368 0.0487288 0.0964912
logovideo1.mp4_310 8 0.299258 0.820175 0.0582627 0.118421
logovideo1.mp4_311 8 0.230932 0.914474 0.0423729 0.0877193
logovideo1.mp4_311 8 0.371292 0.947368 0.0497881 0.0964912
logovideo1.mp4_311 8 0.298729 0.820175 0.059322 0.118421
logovideo1.mp4_312 8 0.230932 0.913377 0.0423729 0.0855263
logovideo1.mp4_312 8 0.370763 0.947368 0.0487288 0.0964912
logovideo1.mp4_312 8 0.298729 0.820175 0.059322 0.118421
logovideo1.mp4_313 8 0.230403 0.914474 0.0434322 0.0877193
logovideo1.mp4_313 8 0.370763 0.947368 0.0487288 0.0964912
logovideo1.mp4_313 8 0.298729 0.820175 0.059322 0.118421
logovideo1.mp4_314 8 0.230403 0.914474 0.0434322 0.0877193
logovideo1.mp4_314 8 0.371292 0.947368 0.0497881 0.0964912
logovideo1.mp4_314 8 0.298729 0.820175 0.059322 0.118421
logovideo1.mp4_315 8 0.229343 0.91557 0.0455508 0.0899123
logovideo1.mp4_315 8 0.370763 0.947368 0.0487288 0.0964912
logovideo1.mp4_315 8 0.298199 0.821272 0.0582627 0.116228
logovideo1.mp4_316 8 0.229873 0.914474 0.0444915 0.0877193
logovideo1.mp4_316 8 0.371292 0.948465 0.0497881 0.0986842
logovideo1.mp4_316 8 0.298199 0.821272 0.0582627 0.116228
logovideo1.mp4_317 8 0.229343 0.914474 0.0434322 0.0877193
logovideo1.mp4_317 8 0.371292 0.948465 0.0497881 0.0986842
logovideo1.mp4_317 8 0.29767 0.822368 0.0572034 0.118421
logovideo1.mp4_318 8 0.228284 0.914474 0.0434322 0.0877193
logovideo1.mp4_318 8 0.371292 0.948465 0.0497881 0.0986842
logovideo1.mp4_318 8 0.29714 0.822368 0.0561441 0.114035
logovideo1.mp4_319 8 0.228284 0.91557 0.0434322 0.0855263
logovideo1.mp4_319 8 0.371292 0.948465 0.0497881 0.0986842
logovideo1.mp4_319 8 0.29661 0.823465 0.0572034 0.116228
logovideo1.mp4_320 8 0.371292 0.948465 0.0497881 0.0986842
logovideo1.mp4_320 8 0.29661 0.824561 0.0572034 0.118421
logovideo1.mp4_321 8 0.371292 0.949561 0.0497881 0.0964912
logovideo1.mp4_321 8 0.29661 0.825658 0.0572034 0.116228
logovideo1.mp4_322 8 0.371292 0.949561 0.0497881 0.0964912
logovideo1.mp4_322 8 0.29608 0.826754 0.0561441 0.118421
logovideo1.mp4_323 8 0.370763 0.949561 0.0487288 0.0964912
logovideo1.mp4_323 8 0.29608 0.826754 0.0561441 0.118421
logovideo1.mp4_324 8 0.370763 0.949561 0.0487288 0.0964912
logovideo1.mp4_324 8 0.29608 0.827851 0.0561441 0.120614
logovideo1.mp4_325 8 0.295551 0.827851 0.0572034 0.125
logovideo1.mp4_325 8 0.370233 0.949561 0.0497881 0.0964912
logovideo1.mp4_326 8 0.295551 0.828947 0.0572034 0.122807
logovideo1.mp4_326 8 0.369703 0.950658 0.0487288 0.0942982
logovideo1.mp4_327 8 0.295551 0.830044 0.0572034 0.125
logovideo1.mp4_327 8 0.370233 0.950658 0.0497881 0.0942982
logovideo1.mp4_328 8 0.295021 0.828947 0.0561441 0.127193
logovideo1.mp4_328 8 0.369703 0.949561 0.0487288 0.0964912
logovideo1.mp4_329 8 0.295021 0.83114 0.0561441 0.131579
logovideo1.mp4_329 8 0.369703 0.949561 0.0487288 0.0964912
logovideo1.mp4_330 8 0.295551 0.826754 0.0572034 0.122807
logovideo1.mp4_330 8 0.369703 0.949561 0.0487288 0.0964912
logovideo1.mp4_331 8 0.295551 0.826754 0.0572034 0.122807
logovideo1.mp4_331 8 0.369703 0.949561 0.0487288 0.0964912
logovideo1.mp4_332 8 0.295021 0.827851 0.0561441 0.120614
logovideo1.mp4_332 8 0.369174 0.950658 0.0497881 0.0986842
logovideo1.mp4_333 8 0.295021 0.827851 0.0561441 0.120614
logovideo1.mp4_333 8 0.369174 0.950658 0.0497881 0.0986842
logovideo1.mp4_334 8 0.295021 0.827851 0.0561441 0.120614
logovideo1.mp4_334 8 0.369174 0.950658 0.0497881 0.0986842
logovideo1.mp4_335 8 0.295021 0.827851 0.0561441 0.120614
logovideo1.mp4_335 8 0.369174 0.950658 0.0497881 0.0986842
logovideo1.mp4_336 8 0.294492 0.827851 0.0572034 0.120614
logovideo1.mp4_336 8 0.369174 0.950658 0.0497881 0.0986842
logovideo1.mp4_337 8 0.294492 0.827851 0.0572034 0.120614
logovideo1.mp4_337 8 0.369174 0.950658 0.0497881 0.0986842
logovideo1.mp4_338 8 0.294492 0.827851 0.0572034 0.120614
logovideo1.mp4_338 8 0.369174 0.950658 0.0497881 0.0986842
logovideo1.mp4_339 8 0.294492 0.828947 0.0572034 0.118421
logovideo1.mp4_339 8 0.368644 0.950658 0.0508475 0.0986842
logovideo1.mp4_340 8 0.293962 0.828947 0.0561441 0.118421
logovideo1.mp4_340 8 0.368644 0.950658 0.0508475 0.0986842
logovideo1.mp4_341 8 0.293962 0.828947 0.0561441 0.118421
logovideo1.mp4_341 8 0.368644 0.950658 0.0508475 0.0986842
logovideo1.mp4_342 8 0.293962 0.830044 0.0561441 0.116228
logovideo1.mp4_342 8 0.368644 0.950658 0.0508475 0.0986842
logovideo1.mp4_343 8 0.293962 0.83114 0.0561441 0.118421
logovideo1.mp4_343 8 0.368114 0.950658 0.0497881 0.0986842
logovideo1.mp4_344 8 0.293962 0.83114 0.0561441 0.118421
logovideo1.mp4_344 8 0.368114 0.950658 0.0497881 0.0986842
logovideo1.mp4_345 8 0.293432 0.83114 0.0572034 0.118421
logovideo1.mp4_345 8 0.368114 0.950658 0.0497881 0.0986842
logovideo1.mp4_346 8 0.293432 0.83114 0.0572034 0.118421
logovideo1.mp4_346 8 0.368114 0.950658 0.0497881 0.0986842
logovideo1.mp4_347 8 0.293432 0.83114 0.0572034 0.118421
logovideo1.mp4_347 8 0.368114 0.950658 0.0497881 0.0986842
logovideo1.mp4_348 8 0.293432 0.83114 0.0572034 0.118421
logovideo1.mp4_348 8 0.368114 0.950658 0.0497881 0.0986842
logovideo1.mp4_349 8 0.368114 0.950658 0.0497881 0.0986842
logovideo1.mp4_349 8 0.292373 0.837719 0.0572034 0.131579
logovideo1.mp4_350 8 0.368114 0.950658 0.0497881 0.0986842
logovideo1.mp4_350 8 0.292373 0.837719 0.0572034 0.131579
logovideo1.mp4_351 8 0.368114 0.950658 0.0497881 0.0986842
logovideo1.mp4_351 8 0.292373 0.837719 0.0572034 0.131579
logovideo1.mp4_352 8 0.568856 0.902412 0.029661 0.0899123
logovideo1.mp4_353 8 0.567797 0.902412 0.0317797 0.0899123
logovideo1.mp4_354 8 0.567797 0.902412 0.0317797 0.0899123
logovideo1.mp4_355 8 0.567267 0.902412 0.032839 0.0899123
logovideo1.mp4_356 8 0.567267 0.902412 0.032839 0.0899123
logovideo1.mp4_357 8 0.567267 0.902412 0.032839 0.0899123
logovideo1.mp4_358 8 0.567267 0.902412 0.032839 0.0899123
logovideo1.mp4_359 8 0.566737 0.903509 0.0317797 0.0921053
logovideo1.mp4_360 8 0.566737 0.903509 0.0317797 0.0921053
logovideo1.mp4_361 8 0.566737 0.903509 0.0317797 0.0921053
logovideo1.mp4_362 8 0.566737 0.903509 0.0317797 0.0921053
logovideo1.mp4_363 8 0.566737 0.903509 0.0317797 0.0921053
logovideo1.mp4_364 8 0.566737 0.903509 0.0317797 0.0921053
logovideo1.mp4_365 8 0.566208 0.901316 0.032839 0.0921053
logovideo1.mp4_366 8 0.566208 0.901316 0.0349576 0.0921053
logovideo1.mp4_367 8 0.566208 0.901316 0.0349576 0.0921053
logovideo1.mp4_368 8 0.565678 0.901316 0.0360169 0.0921053
logovideo1.mp4_369 8 0.565148 0.901316 0.0370763 0.0921053
logovideo1.mp4_370 8 0.564619 0.901316 0.0360169 0.0921053
logovideo1.mp4_371 8 0.564619 0.901316 0.0360169 0.0921053
logovideo1.mp4_372 8 0.564619 0.901316 0.0360169 0.0921053
logovideo1.mp4_373 8 0.564089 0.901316 0.0370763 0.0921053
logovideo1.mp4_374 8 0.563559 0.902412 0.0360169 0.0942982
logovideo1.mp4_375 8 0.563559 0.902412 0.0360169 0.0942982
logovideo1.mp4_376 8 0.563559 0.901316 0.0360169 0.0921053
logovideo1.mp4_377 8 0.563559 0.901316 0.0360169 0.0921053
logovideo1.mp4_378 8 0.563559 0.900219 0.0360169 0.0899123
logovideo1.mp4_379 8 0.56303 0.898026 0.0349576 0.0899123
logovideo1.mp4_380 8 0.5625 0.89693 0.0338983 0.0921053
logovideo1.mp4_381 8 0.5625 0.89693 0.0338983 0.0921053
logovideo1.mp4_382 8 0.564089 0.89364 0.0349576 0.0942982
logovideo1.mp4_383 8 0.564089 0.89364 0.0349576 0.0942982
logovideo1.mp4_384 8 0.564089 0.89364 0.0349576 0.0942982
logovideo1.mp4_385 8 0.56303 0.892544 0.0349576 0.0964912
logovideo1.mp4_386 8 0.561441 0.892544 0.0360169 0.0964912
logovideo1.mp4_387 8 0.560911 0.89364 0.0349576 0.0986842
logovideo1.mp4_388 8 0.560911 0.89364 0.0349576 0.0986842
logovideo1.mp4_389 8 0.560911 0.891447 0.0349576 0.0986842
logovideo1.mp4_390 8 0.559322 0.891447 0.029661 0.0942982
logovideo1.mp4_391 8 0.558792 0.890351 0.0307203 0.0964912
logovideo1.mp4_392 8 0.558792 0.890351 0.0307203 0.0964912
logovideo1.mp4_393 8 0.558792 0.890351 0.0307203 0.0964912
logovideo1.mp4_394 8 0.558792 0.890351 0.0307203 0.0964912
logovideo1.mp4_395 8 0.560381 0.889254 0.0338983 0.0942982
logovideo1.mp4_396 8 0.560381 0.889254 0.0338983 0.0942982
logovideo1.mp4_397 8 0.560381 0.888158 0.0338983 0.0964912
logovideo1.mp4_398 8 0.560381 0.888158 0.0338983 0.0964912
logovideo1.mp4_399 8 0.559852 0.887061 0.0307203 0.0986842
logovideo1.mp4_400 8 0.559852 0.887061 0.0307203 0.0942982
logovideo1.mp4_401 8 0.559852 0.887061 0.0307203 0.0942982
logovideo1.mp4_402 8 0.559852 0.885965 0.0307203 0.0921053
logovideo1.mp4_403 8 0.559322 0.884868 0.0317797 0.0899123
logovideo1.mp4_404 8 0.559322 0.884868 0.0317797 0.0942982
logovideo1.mp4_405 8 0.559322 0.884868 0.0317797 0.0942982
logovideo1.mp4_406 8 0.558263 0.883772 0.0317797 0.0964912
logovideo1.mp4_407 8 0.557733 0.884868 0.032839 0.0986842
logovideo1.mp4_408 8 0.556674 0.885965 0.032839 0.100877
logovideo1.mp4_409 8 0.556674 0.885965 0.032839 0.100877
logovideo1.mp4_410 8 0.555085 0.887061 0.0338983 0.10307
logovideo1.mp4_411 8 0.555085 0.885965 0.0338983 0.100877
logovideo1.mp4_412 8 0.554555 0.888158 0.0349576 0.100877
logovideo1.mp4_413 8 0.554555 0.888158 0.0349576 0.100877
logovideo1.mp4_414 8 0.554025 0.888158 0.0338983 0.100877
logovideo1.mp4_415 8 0.554025 0.889254 0.0338983 0.0986842
logovideo1.mp4_416 8 0.554555 0.885965 0.0349576 0.0964912
logovideo1.mp4_417 8 0.554555 0.885965 0.0349576 0.0964912
logovideo1.mp4_418 8 0.554555 0.885965 0.0349576 0.0964912
logovideo1.mp4_419 8 0.554555 0.887061 0.0349576 0.0986842
logovideo1.mp4_420 8 0.107521 0.72807 0.208686 0.429825
logovideo1.mp4_421 8 0.110699 0.729167 0.212924 0.432018
logovideo1.mp4_422 8 0.110699 0.729167 0.212924 0.432018
logovideo1.mp4_423 8 0.101695 0.719298 0.192797 0.377193
logovideo1.mp4_424 8 0.103284 0.719298 0.191737 0.372807
logovideo1.mp4_425 8 0.103284 0.719298 0.191737 0.372807
logovideo1.mp4_426 8 0.105932 0.714912 0.190678 0.368421
logovideo1.mp4_427 8 0.107521 0.713816 0.191737 0.366228
logovideo1.mp4_428 8 0.108051 0.716009 0.190678 0.375
logovideo1.mp4_429 8 0.108051 0.716009 0.190678 0.375
logovideo1.mp4_430 8 0.108051 0.718202 0.190678 0.379386
logovideo1.mp4_431 8 0.10964 0.716009 0.191737 0.379386
logovideo1.mp4_432 8 0.110699 0.716009 0.191737 0.379386
logovideo1.mp4_433 8 0.117585 0.729167 0.20339 0.41886
logovideo1.mp4_434 8 0.117585 0.729167 0.20339 0.41886
logovideo1.mp4_435 8 0.118114 0.724781 0.206568 0.414474
logovideo1.mp4_436 8 0.119174 0.723684 0.204449 0.412281
logovideo1.mp4_437 8 0.120763 0.721491 0.201271 0.403509
logovideo1.mp4_438 8 0.120763 0.721491 0.201271 0.403509
logovideo1.mp4_439 8 0.126059 0.722588 0.20339 0.41886
logovideo1.mp4_440 8 0.127119 0.722588 0.201271 0.41886
logovideo1.mp4_441 8 0.127119 0.722588 0.201271 0.41886
logovideo1.mp4_442 8 0.127119 0.719298 0.194915 0.412281
logovideo1.mp4_443 8 0.127648 0.719298 0.191737 0.407895
logovideo1.mp4_444 8 0.129767 0.721491 0.189619 0.407895
logovideo1.mp4_445 8 0.135593 0.716009 0.188559 0.383772
logovideo1.mp4_446 8 0.130826 0.722588 0.185381 0.405702
logovideo1.mp4_447 8 0.137712 0.713816 0.190678 0.383772
logovideo1.mp4_448 8 0.137712 0.716009 0.190678 0.388158
logovideo1.mp4_449 8 0.137712 0.716009 0.190678 0.388158
logovideo1.mp4_450 8 0.138771 0.714912 0.192797 0.385965
logovideo1.mp4_451 8 0.138771 0.713816 0.190678 0.383772
logovideo1.mp4_452 8 0.139301 0.712719 0.189619 0.381579
logovideo1.mp4_453 8 0.139301 0.712719 0.189619 0.381579
logovideo1.mp4_454 8 0.141419 0.712719 0.189619 0.381579
logovideo1.mp4_455 8 0.142479 0.712719 0.189619 0.385965
logovideo1.mp4_456 8 0.141419 0.702851 0.193856 0.383772
logovideo1.mp4_457 8 0.141419 0.702851 0.193856 0.383772
logovideo1.mp4_458 8 0.151483 0.716009 0.194915 0.405702
logovideo1.mp4_459 8 0.154661 0.718202 0.197034 0.405702
logovideo1.mp4_460 8 0.159428 0.717105 0.202331 0.399123
logovideo1.mp4_461 8 0.159428 0.717105 0.202331 0.399123
logovideo1.mp4_462 8 0.160487 0.717105 0.202331 0.394737
logovideo1.mp4_463 8 0.161547 0.718202 0.198093 0.39693
logovideo1.mp4_464 8 0.161547 0.718202 0.198093 0.39693
logovideo1.mp4_465 8 0.162606 0.718202 0.189619 0.39693
logovideo1.mp4_466 8 0.158369 0.70614 0.191737 0.390351
logovideo1.mp4_467 8 0.158898 0.70614 0.192797 0.390351
logovideo1.mp4_468 8 0.158898 0.70614 0.192797 0.390351
logovideo1.mp4_469 8 0.158898 0.705044 0.192797 0.388158
logovideo1.mp4_470 8 0.158898 0.705044 0.192797 0.388158
logovideo1.mp4_471 8 0.160487 0.701754 0.193856 0.390351
logovideo1.mp4_472 8 0.161017 0.699561 0.194915 0.390351
logovideo1.mp4_473 8 0.162606 0.700658 0.193856 0.392544
logovideo1.mp4_604 3 0.355403 0.591009 0.0264831 0.0548246
logovideo1.mp4_604 3 0.603814 0.622807 0.0254237 0.0570175
logovideo1.mp4_605 3 0.355403 0.591009 0.0264831 0.0548246
logovideo1.mp4_605 3 0.603814 0.623904 0.0254237 0.0548246
logovideo1.mp4_606 3 0.355403 0.591009 0.0264831 0.0548246
logovideo1.mp4_606 3 0.603814 0.623904 0.0254237 0.0548246
logovideo1.mp4_607 3 0.355403 0.591009 0.0264831 0.0548246
logovideo1.mp4_607 3 0.603814 0.623904 0.0254237 0.0548246
logovideo1.mp4_608 3 0.355403 0.591009 0.0264831 0.0548246
logovideo1.mp4_608 3 0.603814 0.623904 0.0254237 0.0548246
logovideo1.mp4_609 3 0.355403 0.591009 0.0264831 0.0548246
logovideo1.mp4_609 3 0.603814 0.623904 0.0254237 0.0548246
logovideo1.mp4_610 3 0.355403 0.591009 0.0264831 0.0548246
logovideo1.mp4_610 3 0.603814 0.623904 0.0254237 0.0548246
logovideo1.mp4_611 3 0.355403 0.591009 0.0264831 0.0548246
logovideo1.mp4_611 3 0.603814 0.623904 0.0254237 0.0548246
logovideo1.mp4_612 3 0.355403 0.591009 0.0264831 0.0548246
logovideo1.mp4_612 3 0.603814 0.623904 0.0254237 0.0548246
logovideo1.mp4_613 3 0.355403 0.591009 0.0264831 0.0548246
logovideo1.mp4_613 3 0.603814 0.623904 0.0254237 0.0548246
logovideo1.mp4_614 3 0.355403 0.593202 0.0264831 0.0548246
logovideo1.mp4_614 3 0.603814 0.623904 0.0254237 0.0548246
logovideo1.mp4_615 3 0.355403 0.592105 0.0264831 0.0526316
logovideo1.mp4_615 3 0.603814 0.623904 0.0254237 0.0548246
logovideo1.mp4_616 3 0.355403 0.593202 0.0264831 0.0548246
logovideo1.mp4_616 3 0.603814 0.623904 0.0254237 0.0548246
logovideo1.mp4_617 3 0.355932 0.593202 0.0275424 0.0548246
logovideo1.mp4_617 3 0.603814 0.625 0.0254237 0.0570175
logovideo1.mp4_618 3 0.355932 0.593202 0.0275424 0.0548246
logovideo1.mp4_618 3 0.603814 0.625 0.0254237 0.0570175
logovideo1.mp4_619 3 0.355403 0.593202 0.0264831 0.0548246
logovideo1.mp4_619 3 0.603814 0.623904 0.0254237 0.0548246
logovideo1.mp4_620 3 0.355403 0.593202 0.0264831 0.0548246
logovideo1.mp4_620 3 0.603814 0.625 0.0254237 0.0570175
logovideo1.mp4_621 3 0.355403 0.593202 0.0264831 0.0548246
logovideo1.mp4_621 3 0.603284 0.625 0.0264831 0.0570175
logovideo1.mp4_622 3 0.355932 0.593202 0.0254237 0.0548246
logovideo1.mp4_622 3 0.603814 0.625 0.0254237 0.0570175
logovideo1.mp4_623 3 0.355932 0.593202 0.0254237 0.0548246
logovideo1.mp4_623 3 0.603814 0.625 0.0254237 0.0570175
logovideo1.mp4_624 3 0.355403 0.595395 0.0243644 0.0548246
logovideo1.mp4_624 3 0.604343 0.628289 0.0286017 0.0592105
logovideo1.mp4_625 3 0.355403 0.595395 0.0243644 0.0548246
logovideo1.mp4_625 3 0.604343 0.628289 0.0286017 0.0592105
logovideo1.mp4_626 3 0.355403 0.597588 0.0243644 0.0548246
logovideo1.mp4_626 3 0.604343 0.630482 0.0286017 0.0592105
logovideo1.mp4_627 3 0.355403 0.597588 0.0243644 0.0548246
logovideo1.mp4_627 3 0.604343 0.630482 0.0286017 0.0592105
logovideo1.mp4_628 3 0.356462 0.600877 0.0286017 0.0570175
logovideo1.mp4_628 3 0.605403 0.632675 0.0286017 0.0592105
logovideo1.mp4_629 3 0.356992 0.601974 0.0275424 0.0548246
logovideo1.mp4_629 3 0.606462 0.632675 0.0264831 0.0592105
logovideo1.mp4_630 3 0.358051 0.600877 0.0233051 0.0526316
logovideo1.mp4_630 3 0.607521 0.633772 0.0286017 0.0614035
logovideo1.mp4_631 3 0.358051 0.600877 0.0233051 0.0526316
logovideo1.mp4_631 3 0.607521 0.633772 0.0286017 0.0614035
logovideo1.mp4_632 3 0.35911 0.604167 0.0275424 0.0548246
logovideo1.mp4_632 3 0.608051 0.634868 0.0275424 0.0592105
logovideo1.mp4_633 3 0.36017 0.604167 0.0275424 0.0548246
logovideo1.mp4_633 3 0.608581 0.634868 0.0286017 0.0635965
logovideo1.mp4_634 3 0.35964 0.601974 0.0243644 0.0504386
logovideo1.mp4_634 3 0.60911 0.634868 0.0275424 0.0635965
logovideo1.mp4_635 3 0.35964 0.601974 0.0243644 0.0504386
logovideo1.mp4_635 3 0.60911 0.634868 0.0275424 0.0635965
logovideo1.mp4_636 3 0.362288 0.604167 0.0254237 0.0548246
logovideo1.mp4_636 3 0.60964 0.634868 0.0286017 0.0592105
logovideo1.mp4_637 3 0.363347 0.604167 0.0254237 0.0548246
logovideo1.mp4_637 3 0.611229 0.634868 0.0275424 0.0592105
logovideo1.mp4_638 3 0.613347 0.632675 0.0275424 0.0592105
logovideo1.mp4_638 3 0.365466 0.601974 0.0275424 0.0548246
logovideo1.mp4_639 3 0.613347 0.632675 0.0275424 0.0592105
logovideo1.mp4_639 3 0.365466 0.601974 0.0275424 0.0548246
logovideo1.mp4_640 3 0.613347 0.631579 0.0275424 0.0614035
logovideo1.mp4_640 3 0.367055 0.600877 0.0286017 0.0570175
logovideo1.mp4_641 3 0.368114 0.599781 0.0264831 0.0548246
logovideo1.mp4_641 3 0.614407 0.630482 0.0275424 0.0592105
logovideo1.mp4_642 3 0.370763 0.597588 0.0254237 0.0548246
logovideo1.mp4_642 3 0.615996 0.628289 0.0264831 0.0548246
logovideo1.mp4_643 3 0.370763 0.597588 0.0254237 0.0548246
logovideo1.mp4_643 3 0.615996 0.628289 0.0264831 0.0548246
logovideo1.mp4_644 3 0.37553 0.594298 0.0307203 0.0570175
logovideo1.mp4_644 3 0.619174 0.627193 0.0243644 0.0526316
logovideo1.mp4_698 18 0.367055 0.825658 0.10911 0.265351
logovideo1.mp4_748 20 0.645127 0.802632 0.0381356 0.0350877
logovideo1.mp4_749 20 0.646186 0.801535 0.0381356 0.0372807
logovideo1.mp4_750 20 0.646186 0.801535 0.0381356 0.0372807
logovideo1.mp4_751 20 0.646186 0.801535 0.0381356 0.0372807
logovideo1.mp4_752 20 0.646186 0.800439 0.0381356 0.0394737
logovideo1.mp4_753 20 0.645127 0.798246 0.0381356 0.0394737
logovideo1.mp4_754 20 0.645127 0.797149 0.0381356 0.0416667
logovideo1.mp4_755 20 0.645657 0.796053 0.0370763 0.0394737
logovideo1.mp4_756 20 0.645657 0.797149 0.0370763 0.0416667
logovideo1.mp4_757 20 0.645657 0.796053 0.0370763 0.0394737
logovideo1.mp4_758 20 0.645657 0.796053 0.0370763 0.0394737
logovideo1.mp4_759 20 0.646186 0.796053 0.0381356 0.0394737
logovideo1.mp4_760 20 0.646186 0.796053 0.0381356 0.0394737
logovideo1.mp4_761 20 0.646186 0.79386 0.0381356 0.0394737
logovideo1.mp4_762 20 0.646186 0.79386 0.0381356 0.0394737
logovideo1.mp4_763 20 0.646186 0.79386 0.0381356 0.0394737
logovideo1.mp4_764 20 0.646186 0.792763 0.0381356 0.0416667
logovideo1.mp4_765 20 0.646186 0.792763 0.0381356 0.0416667
logovideo1.mp4_766 20 0.646186 0.792763 0.0381356 0.0416667
logovideo1.mp4_767 20 0.646716 0.791667 0.0391949 0.0394737
logovideo1.mp4_768 20 0.647775 0.792763 0.0370763 0.0372807
logovideo1.mp4_769 20 0.648305 0.792763 0.0381356 0.0372807
logovideo1.mp4_770 20 0.649364 0.79386 0.0381356 0.0394737
logovideo1.mp4_771 20 0.649364 0.79386 0.0381356 0.0394737
logovideo1.mp4_772 20 0.649364 0.79386 0.0381356 0.0394737
logovideo1.mp4_773 20 0.649364 0.791667 0.0381356 0.0394737
logovideo1.mp4_774 20 0.650953 0.79057 0.0391949 0.0372807
logovideo1.mp4_775 20 0.650953 0.79057 0.0391949 0.0372807
logovideo1.mp4_776 20 0.651483 0.789474 0.0402542 0.0394737
logovideo1.mp4_777 20 0.651483 0.789474 0.0402542 0.0394737
logovideo1.mp4_778 20 0.650953 0.788377 0.0391949 0.0416667
logovideo1.mp4_779 20 0.650953 0.787281 0.0391949 0.0394737
logovideo1.mp4_780 20 0.651483 0.787281 0.0381356 0.0394737
logovideo1.mp4_781 20 0.651483 0.786184 0.0381356 0.0416667
logovideo1.mp4_782 20 0.651483 0.786184 0.0381356 0.0416667
logovideo1.mp4_783 20 0.651483 0.786184 0.0381356 0.0416667
logovideo1.mp4_784 20 0.651483 0.785088 0.0381356 0.0394737
logovideo1.mp4_785 20 0.651483 0.785088 0.0381356 0.0394737
logovideo1.mp4_786 20 0.652542 0.783991 0.0381356 0.0416667
logovideo1.mp4_787 20 0.652542 0.783991 0.0381356 0.0416667
logovideo1.mp4_788 20 0.653602 0.783991 0.0381356 0.0416667
logovideo1.mp4_789 20 0.653602 0.783991 0.0381356 0.0416667
logovideo1.mp4_790 20 0.653602 0.783991 0.0381356 0.0416667
logovideo1.mp4_791 20 0.653602 0.783991 0.0381356 0.0416667
logovideo1.mp4_792 20 0.653072 0.783991 0.0391949 0.0416667
logovideo1.mp4_793 20 0.653602 0.783991 0.0381356 0.0416667
logovideo1.mp4_794 20 0.653602 0.783991 0.0381356 0.0416667
logovideo1.mp4_795 20 0.654131 0.783991 0.0391949 0.0416667
logovideo1.mp4_796 20 0.654131 0.783991 0.0391949 0.0416667
logovideo1.mp4_797 20 0.654131 0.783991 0.0391949 0.0416667
logovideo1.mp4_798 20 0.654131 0.783991 0.0391949 0.0416667
logovideo1.mp4_799 20 0.654131 0.783991 0.0391949 0.0416667
logovideo1.mp4_800 20 0.654131 0.782895 0.0391949 0.0438596
logovideo1.mp4_801 20 0.654661 0.782895 0.0381356 0.0438596
logovideo1.mp4_802 20 0.654131 0.782895 0.0391949 0.0438596
logovideo1.mp4_803 20 0.654131 0.782895 0.0391949 0.0438596
logovideo1.mp4_804 20 0.654131 0.782895 0.0391949 0.0438596
logovideo1.mp4_805 20 0.654131 0.782895 0.0391949 0.0438596
logovideo1.mp4_806 20 0.654131 0.782895 0.0391949 0.0438596
logovideo1.mp4_807 20 0.654661 0.782895 0.0381356 0.0438596
logovideo1.mp4_808 20 0.654661 0.785088 0.0423729 0.0482456
logovideo1.mp4_809 20 0.654661 0.785088 0.0423729 0.0482456
logovideo1.mp4_810 20 0.654661 0.785088 0.0423729 0.0482456
logovideo1.mp4_811 20 0.655191 0.785088 0.0413136 0.0482456
logovideo1.mp4_812 20 0.655191 0.785088 0.0413136 0.0482456
logovideo1.mp4_813 20 0.655191 0.781798 0.0370763 0.0416667
logovideo1.mp4_814 20 0.655191 0.781798 0.0370763 0.0416667
logovideo1.mp4_815 20 0.655191 0.781798 0.0370763 0.0416667
logovideo1.mp4_816 20 0.655191 0.781798 0.0370763 0.0416667
logovideo1.mp4_817 20 0.655191 0.781798 0.0370763 0.0416667
logovideo1.mp4_818 20 0.654661 0.785088 0.0423729 0.0482456
logovideo1.mp4_819 20 0.654661 0.783991 0.0423729 0.0460526
logovideo1.mp4_820 20 0.654131 0.780702 0.0391949 0.0438596
logovideo1.mp4_821 20 0.654131 0.780702 0.0391949 0.0438596
logovideo1.mp4_822 20 0.654131 0.780702 0.0391949 0.0438596
logovideo1.mp4_823 20 0.654131 0.780702 0.0391949 0.0438596
logovideo1.mp4_824 20 0.654131 0.780702 0.0391949 0.0438596
logovideo1.mp4_825 20 0.654131 0.780702 0.0391949 0.0438596
logovideo1.mp4_826 20 0.654131 0.780702 0.0391949 0.0438596
logovideo1.mp4_827 20 0.654131 0.780702 0.0391949 0.0438596
logovideo1.mp4_828 20 0.654131 0.779605 0.0391949 0.0416667
logovideo1.mp4_829 20 0.654131 0.779605 0.0391949 0.0416667
logovideo1.mp4_830 20 0.654131 0.779605 0.0391949 0.0416667
logovideo1.mp4_831 20 0.654131 0.779605 0.0391949 0.0416667
logovideo1.mp4_832 20 0.654131 0.779605 0.0391949 0.0416667
logovideo1.mp4_833 20 0.654131 0.779605 0.0391949 0.0416667
logovideo1.mp4_834 20 0.654131 0.779605 0.0391949 0.0416667
logovideo1.mp4_835 20 0.654131 0.779605 0.0391949 0.0416667
logovideo1.mp4_836 20 0.654131 0.779605 0.0391949 0.0416667
logovideo1.mp4_837 20 0.654131 0.779605 0.0391949 0.0416667
logovideo1.mp4_838 20 0.654661 0.782895 0.0423729 0.0482456
logovideo1.mp4_839 20 0.653602 0.779605 0.0381356 0.0416667
logovideo1.mp4_840 20 0.653072 0.778509 0.0391949 0.0394737
logovideo1.mp4_841 20 0.652013 0.778509 0.0391949 0.0394737
logovideo1.mp4_842 20 0.652013 0.778509 0.0391949 0.0394737
logovideo1.mp4_843 20 0.652013 0.778509 0.0391949 0.0394737
logovideo1.mp4_844 20 0.653072 0.781798 0.0413136 0.0460526
logovideo1.mp4_845 20 0.653072 0.781798 0.0413136 0.0460526
logovideo1.mp4_846 20 0.652013 0.778509 0.0391949 0.0394737
logovideo1.mp4_847 20 0.652013 0.778509 0.0391949 0.0394737
logovideo1.mp4_848 20 0.652542 0.782895 0.0423729 0.0482456
logovideo1.mp4_849 20 0.653072 0.781798 0.0413136 0.0460526
logovideo1.mp4_850 20 0.653072 0.781798 0.0413136 0.0460526
logovideo1.mp4_851 20 0.652013 0.778509 0.0391949 0.0394737
logovideo1.mp4_852 20 0.652013 0.778509 0.0391949 0.0394737
logovideo1.mp4_853 20 0.652013 0.777412 0.0391949 0.0416667
logovideo1.mp4_854 20 0.652013 0.777412 0.0391949 0.0416667
logovideo1.mp4_855 20 0.652013 0.777412 0.0391949 0.0416667
logovideo1.mp4_856 20 0.652013 0.777412 0.0391949 0.0416667
logovideo1.mp4_857 20 0.652013 0.777412 0.0391949 0.0416667
logovideo1.mp4_858 20 0.652013 0.777412 0.0391949 0.0416667
logovideo1.mp4_859 20 0.652013 0.777412 0.0391949 0.0416667
logovideo1.mp4_860 20 0.652013 0.777412 0.0391949 0.0416667
logovideo1.mp4_861 20 0.653602 0.777412 0.0402542 0.0416667
logovideo1.mp4_862 20 0.654131 0.780702 0.0413136 0.0482456
logovideo1.mp4_863 20 0.654131 0.780702 0.0413136 0.0482456
logovideo1.mp4_864 20 0.654131 0.780702 0.0413136 0.0482456
logovideo1.mp4_865 20 0.654131 0.780702 0.0413136 0.0482456
logovideo1.mp4_866 20 0.654131 0.780702 0.0413136 0.0482456
logovideo1.mp4_867 20 0.653602 0.780702 0.0423729 0.0482456
logovideo1.mp4_868 20 0.654131 0.780702 0.0413136 0.0482456
logovideo1.mp4_869 20 0.654661 0.779605 0.0423729 0.0504386
logovideo1.mp4_870 20 0.654661 0.779605 0.0423729 0.0504386
logovideo1.mp4_871 20 0.654661 0.779605 0.0423729 0.0504386
logovideo1.mp4_872 20 0.65572 0.775219 0.0402542 0.0416667
logovideo1.mp4_873 20 0.65678 0.779605 0.0402542 0.0504386
logovideo1.mp4_874 20 0.65572 0.775219 0.0402542 0.0416667
logovideo1.mp4_875 20 0.65572 0.775219 0.0402542 0.0416667
logovideo1.mp4_876 20 0.65678 0.776316 0.0402542 0.0394737
logovideo1.mp4_877 20 0.65678 0.776316 0.0402542 0.0394737
logovideo1.mp4_878 20 0.65678 0.776316 0.0402542 0.0394737
logovideo1.mp4_879 20 0.657309 0.776316 0.0391949 0.0394737
logovideo1.mp4_880 20 0.657309 0.776316 0.0391949 0.0394737
logovideo1.mp4_881 20 0.657839 0.779605 0.0402542 0.0504386
logovideo1.mp4_882 20 0.65678 0.775219 0.0402542 0.0416667
logovideo1.mp4_883 20 0.65678 0.775219 0.0402542 0.0416667
logovideo1.mp4_884 20 0.65678 0.775219 0.0402542 0.0416667
logovideo1.mp4_885 20 0.65678 0.775219 0.0402542 0.0416667
logovideo1.mp4_886 20 0.65678 0.779605 0.0402542 0.0504386
logovideo1.mp4_887 20 0.65678 0.774123 0.0402542 0.0438596
logovideo1.mp4_888 20 0.65678 0.774123 0.0402542 0.0438596
logovideo1.mp4_889 20 0.65678 0.774123 0.0402542 0.0438596
logovideo1.mp4_890 20 0.65678 0.774123 0.0402542 0.0438596
logovideo1.mp4_891 20 0.65572 0.777412 0.0402542 0.0504386
logovideo1.mp4_892 20 0.65572 0.777412 0.0402542 0.0504386
logovideo1.mp4_893 20 0.65572 0.777412 0.0402542 0.0504386
logovideo1.mp4_894 20 0.65572 0.777412 0.0402542 0.0504386
logovideo1.mp4_996 20 0.471398 0.0833333 0.230932 0.166667
logovideo1.mp4_997 20 0.470339 0.0877193 0.233051 0.175439
logovideo1.mp4_998 20 0.470339 0.0877193 0.233051 0.175439
logovideo1.mp4_999 20 0.465572 0.0932018 0.238347 0.186404
